%YAML:1.0
---
calibration_time: "lun 06 dic 2021 18:54:31 CET"
image_width: 640
image_height: 480
flags: 0
camera_matrix: !!opencv-matrix
   rows: 3
   cols: 3
   dt: d
   data: [ 2.8145763098543085e+02, 0., 2.9772628595013384e+02, 0.,
       2.7857507830702349e+02, 2.3453387673659103e+02, 0., 0., 1. ]
distortion_coefficients: !!opencv-matrix
   rows: 1
   cols: 5
   dt: d
   data: [ -2.6774980876247534e-01, 7.3139118275604473e-02,
       5.1698798331977491e-03, -2.0123337946464687e-03,
       -9.1840202208760859e-03 ]
avg_reprojection_error: 1.5369941084915748e+00
